avg_reward
0.0
0.0
0.0
0.0
0.0
0.0
0.0
0.0
0.0
0.0
0.0
0.0
0.0
0.0
0.0
0.0
0.0
0.0
0.0
0.0
0.0
0.0
0.0
0.0
0.0
0.0
0.0
0.0
0.0
0.0
0.0
0.0
0.0
0.0
0.0
0.0
0.0
0.0
0.0
0.0
0.0
0.0
0.0
0.0
0.0
0.0
0.0
0.0
0.0
0.0
0.0
0.0
0.0
0.0
0.0
0.0
0.0
0.0
0.0
0.0
0.0
0.0
0.0
0.0
0.0
0.001515151537729032
0.0014925373356733749
0.00147058825720759
0.0014492753839147263
0.0014285714498588017
0.001408450725212903
0.001388888909584946
0.0013698630341111796
0.0013513513714880556
0.0013333333532015482
0.0013157894932910015
0.0012987013180534562
0.0012820513011553348
0.0012658228036723559
0.0012500000186264515
0.0012345679196310631
0.001219512213294099
0.00120481929506164
0.001190476208215668
0.001176470605766072
0.0011627907150013501
0.0011494253044840932
0.0011363636532967741
0.0011235955223608553
0.0011111111276679568
0.0010989011152760014
0.0021739130758720894
0.00215053766645411
0.0021276596061726833
0.0021052631892656023
0.002083333364377419
0.0020618557008271364
0.0020408163569411455
0.002020202050305376
0.0020000000298023225
0.0020000000298023225
0.0020000000298023225
0.0020000000298023225
0.0020000000298023225
0.0020000000298023225
0.0020000000298023225
0.0020000000298023225
0.0020000000298023225
0.0030000000447034836
0.004000000059604645
0.004000000059604645
0.004000000059604645
0.004000000059604645
0.004000000059604645
0.004000000059604645
0.004000000059604645
0.005000000074505806
0.005000000074505806
0.005000000074505806
0.005000000074505806
0.005000000074505806
0.005000000074505806
0.005000000074505806
0.005000000074505806
0.005000000074505806
0.006000000089406967
0.006000000089406967
0.007000000104308128
0.007000000104308128
0.007000000104308128
0.007000000104308128
0.007000000104308128
0.007000000104308128
0.007000000104308128
0.007000000104308128
0.007000000104308128
0.00800000011920929
0.00800000011920929
0.00800000011920929
0.00800000011920929
0.00800000011920929
0.00800000011920929
0.00800000011920929
0.009000000134110451
0.009000000134110451
0.009000000134110451
0.010000000149011612
0.010000000149011612
0.012000000178813934
0.012000000178813934
0.013000000193715095
0.013000000193715095
0.013000000193715095
0.013000000193715095
0.014000000208616257
0.014000000208616257
0.014000000208616257
0.014000000208616257
0.015000000223517418
0.01600000023841858
0.01600000023841858
0.01700000025331974
0.01700000025331974
0.018000000268220902
0.018000000268220902
0.018000000268220902
0.018000000268220902
0.018000000268220902
0.018000000268220902
0.018000000268220902
0.019000000283122064
0.020000000298023225
0.020000000298023225
0.020000000298023225
0.020000000298023225
0.021000000312924386
0.021000000312924386
0.022000000327825547
0.022000000327825547
0.025000000447034834
0.025000000447034834
0.025000000447034834
0.026000000461936
0.02700000047683716
0.02700000047683716
0.02700000047683716
0.029000000506639482
0.03200000062584877
0.033000000640749934
0.03700000070035458
0.03700000070035458
0.03700000070035458
0.03700000070035458
0.038000000715255736
0.038000000715255736
0.0390000007301569
0.04200000084936619
0.04200000084936619
0.045000000968575475
0.04600000098347664
0.04600000098347664
0.04600000098347664
0.04900000110268593
0.052000001221895215
0.05300000123679638
0.05600000135600567
0.05700000137090683
0.05800000138580799
0.05700000137090683
0.05800000138580799
0.063000001385808
0.06400000140070915
0.06500000141561031
0.06600000143051148
0.06900000154972076
0.06900000154972076
0.06900000154972076
0.06900000154972076
0.07100000157952309
0.0730000016093254
0.0760000017285347
0.07800000175833702
0.08000000178813935
0.08100000180304051
0.08300000183284283
0.08200000181794166
0.08400000184774399
0.08300000183284283
0.08400000184774399
0.08400000184774399
0.08700000196695327
0.09000000208616257
0.09500000208616256
0.09700000211596489
0.10000000223517418
0.10400000229477882
0.10400000229477882
0.10700000241398812
0.11300000265240669
0.11900000289082527
0.12200000301003457
0.12400000303983688
0.12700000315904617
0.126000003144145
0.1290000032633543
0.1320000033825636
0.13400000348687172
0.13800000354647637
0.1370000035315752
0.13900000356137754
0.14500000342726707
0.14800000354647636
0.15000000357627868
0.15300000369548797
0.1570000036805868
0.15900000371038914
0.16200000382959842
0.16600000388920308
0.1680000039935112
0.17200000397861004
0.17400000400841237
0.1760000041127205
0.17800000414252282
0.18200000412762166
0.18400000415742399
0.18700000420212745
0.19300000444054605
0.19700000450015068
0.2040000043809414
0.21000000461935997
0.2140000046044588
0.21500000461935997
0.22100000485777854
0.22600000485777855
0.22800000488758088
0.23100000493228434
0.235000004991889
0.24100000485777856
0.2450000049173832
0.24800000503659247
0.2510000051558018
0.25400000527501104
0.2580000052601099
0.2610000053048134
0.2660000053048134
0.2730000051856041
0.2730000051856041
0.2740000051259994
0.280000004991889
0.28100000493228433
0.28700000517070295
0.29100000515580177
0.29600000515580177
0.2980000052601099
0.3010000053793192
0.30600000560283663
0.307000005543232
0.31300000578165055
0.31600000590085986
0.32000000588595867
0.32400000594556333
0.328000006005168
0.33100000612437724
0.33100000612437724
0.33300000622868536
0.3350000061094761
0.3350000061094761
0.3410000059753656
0.3460000059753656
0.35100000582635404
0.3520000060647726
0.3560000060498714
0.35900000609457494
0.3640000063180924
0.3690000063180923
0.37500000655651095
0.38100000642240045
0.3870000066608191
0.3910000068694353
0.3960000067204237
0.397000006660819
0.40200000651180745
0.4040000065416098
0.40900000676512716
0.41500000685453414
0.41700000688433647
0.4210000070929527
0.42800000697374346
0.43400000683963297
0.4410000067204237
0.444000006839633
0.4460000067204237
0.4470000069588423
0.4510000071674585
0.45600000716745853
0.4590000069886446
0.46300000697374344
0.4670000067353249
0.4670000067353249
0.4700000062584877
0.47100000619888305
0.4750000064074993
0.4780000065267086
0.4860000066459179
0.4880000065267086
0.4910000066459179
0.4930000065267086
0.4930000065267086
0.5000000066310167
0.5070000063627959
0.5060000067204237
0.5100000064820052
0.5160000065714121
0.5190000066906214
0.5220000068098307
0.527000006660819
0.532000006660819
0.534000006839633
0.5370000069588423
0.5380000071972608
0.5420000074058771
0.5460000071674586
0.5510000070184469
0.5550000067800284
0.5590000069886446
0.5640000066906213
0.5630000064522028
0.5660000062733889
0.5660000062733889
0.5680000061541796
0.5730000061541796
0.5790000062435865
0.5800000058859587
0.5840000056475401
0.5870000056177378
0.5920000053197145
0.5940000054985285
0.5930000058561563
0.5940000057965517
0.5970000053197145
0.6020000053197145
0.6050000054389238
0.6070000053197145
0.6120000050216913
0.6160000047832728
0.6160000047832728
0.6220000048726797
0.6270000045746564
0.6290000044554472
0.6340000044554472
0.6340000044554472
0.6370000045746564
0.6400000046938658
0.6450000046938658
0.651000004336238
0.6530000042170286
0.6580000039190054
0.6600000037997961
0.6630000033229589
0.6650000032037496
0.6700000029057265
0.6730000027269125
0.6740000023692846
0.6790000023692846
0.6820000024884939
0.6850000026077032
0.694000002592802
0.6970000027120113
0.6970000027120113
0.69800000295043
0.7020000027120114
0.7050000028312207
0.7070000030100345
0.7090000028908253
0.7090000028908253
0.7120000024139881
0.7140000022947788
0.7170000018179417
0.721000001579523
0.7190000016987323
0.7240000014007092
0.7250000016391277
0.731000001579523
0.7340000011026859
0.7350000007450581
0.7430000007152557
0.7460000002384186
0.7470000004768371
0.7480000007152557
0.7480000007152557
0.7500000005960464
0.7540000003576278
0.7569999998807907
0.7609999996423721
0.7609999996423721
0.7619999998807907
0.7659999996423721
0.7669999998807907
0.7699999994039536
0.7699999994039536
0.7759999993443489
0.7749999991059303
0.7789999988675117
0.7799999985098839
0.7849999985098839
0.7889999982714653
0.7939999982714653
0.7999999982118606
0.7999999982118606
0.8009999984502792
0.8039999979734421
0.8049999982118606
0.8059999978542328
0.8099999976158142
0.8109999972581864
0.8129999971389771
0.8109999972581864
0.8139999967813492
0.816999996304512
0.8199999958276749
0.8239999955892563
0.8269999957084656
0.8289999955892563
0.8299999958276749
0.8339999955892563
0.8339999955892563
0.8389999955892563
0.840999995470047
0.8419999957084656
0.8419999957084656
0.840999995470047
0.8429999953508377
0.8449999952316284
0.8449999952316284
0.8479999953508377
0.8479999953508377
0.8499999952316284
0.8519999951124191
0.8569999951124191
0.855999995470047
0.8579999953508377
0.8599999952316284
0.8629999953508377
0.8629999953508377
0.8639999955892563
0.8669999957084655
0.8679999953508377
0.8689999955892563
0.8679999959468842
0.8659999960660935
0.8699999958276748
0.8719999957084655
0.8739999955892563
0.8749999952316284
0.8739999955892563
0.875999995470047
0.875999995470047
0.8779999953508377
0.8769999957084655
0.8799999958276749
0.8799999958276749
0.8829999959468842
0.8849999958276749
0.8869999957084655
0.890999995470047
0.8919999951124191
0.8909999948740005
0.8909999948740005
0.8959999948740005
0.8969999945163727
0.8959999942779541
0.8959999942779541
0.8999999940395356
0.9019999939203263
0.9019999939203263
0.9019999939203263
0.9029999941587448
0.9029999941587448
0.9019999939203263
0.9069999939203263
0.9079999941587448
0.9079999941587448
0.9079999941587448
0.9089999943971634
0.909999994635582
0.909999994635582
0.9109999948740005
0.9129999947547912
0.914999994635582
0.9179999947547912
0.919999994635582
0.9209999948740005
0.9219999951124191
0.9209999948740005
0.9229999947547912
0.924999994635582
0.924999994635582
0.9269999945163727
0.9279999947547912
0.9289999949932098
0.9289999949932098
0.9339999949932098
0.9339999949932098
0.9339999949932098
0.9339999949932098
0.9329999947547912
0.9309999948740005
0.9299999946355819
0.9319999945163727
0.9319999945163727
0.9329999947547912
0.9349999946355819
0.9339999949932098
0.9339999949932098
0.9349999952316285
0.935999995470047
0.9399999952316285
0.940999995470047
0.9419999957084656
0.9429999959468841
0.9419999957084656
0.9419999957084656
0.9419999957084656
0.9419999957084656
0.9419999957084656
0.9419999957084656
0.9419999957084656
0.9429999959468841
0.9449999958276749
0.945999995470047
0.9469999957084656
0.945999995470047
0.945999995470047
0.9469999957084656
0.9489999955892563
0.9489999955892563
0.950999995470047
0.9529999953508377
0.9529999953508377
0.9549999952316284
0.9549999952316284
0.9569999951124192
0.9569999951124192
0.9579999953508377
0.9579999953508377
0.9579999953508377
0.9589999955892563
0.9589999955892563
0.960999995470047
0.9629999953508377
0.9629999953508377
0.9629999953508377
0.9629999953508377
0.9639999955892563
0.965999995470047
0.965999995470047
0.9669999957084656
0.9669999957084656
0.9689999955892563
0.9689999955892563
0.9699999958276748
0.9699999958276748
0.9709999960660934
0.9709999960660934
0.9709999960660934
0.9719999963045121
0.9729999965429306
0.9729999965429306
0.9729999965429306
0.9739999967813492
0.9749999970197678
0.9769999969005585
0.9769999969005585
0.9769999969005585
0.9789999967813492
0.9799999970197678
0.9789999967813492
0.9799999970197678
0.9809999972581863
0.9809999972581863
0.9809999972581863
0.982999997138977
0.982999997138977
0.982999997138977
0.982999997138977
0.982999997138977
0.982999997138977
0.982999997138977
0.982999997138977
0.982999997138977
0.982999997138977
0.9819999969005585
0.9819999969005585
0.982999997138977
0.982999997138977
0.9819999969005585
0.982999997138977
0.982999997138977
0.982999997138977
0.982999997138977
0.982999997138977
0.982999997138977
0.982999997138977
0.9839999973773956
0.9839999973773956
0.9849999976158142
0.9869999974966049
0.9879999977350234
0.9869999974966049
0.9869999974966049
0.9869999974966049
0.9869999974966049
0.9889999973773956
0.9889999973773956
0.9889999973773956
0.9889999973773956
0.9889999973773956
0.987999997138977
0.987999997138977
0.987999997138977
0.987999997138977
0.987999997138977
0.9889999973773956
0.987999997138977
0.987999997138977
0.987999997138977
0.9859999972581863
0.9859999972581863
0.9859999972581863
0.9869999974966049
0.9869999974966049
0.9879999977350234
0.9889999979734421
0.9889999979734421
0.9889999979734421
0.9899999982118607
0.9899999982118607
0.9899999982118607
0.9899999982118607
0.9899999982118607
0.9899999982118607
0.9899999982118607
0.9899999982118607
0.9899999982118607
0.9899999982118607
0.9899999982118607
0.9899999982118607
0.9899999982118607
0.9899999982118607
0.9899999982118607
0.9899999982118607
0.9899999982118607
0.9899999982118607
0.9899999982118607
0.9899999982118607
0.9899999982118607
0.9899999982118607
0.9899999982118607
0.9899999982118607
0.9899999982118607
0.9899999982118607
0.9899999982118607
0.9899999982118607
0.9899999982118607
0.9899999982118607
0.9899999982118607
0.9899999982118607
0.9899999982118607
0.9899999982118607
0.9899999982118607
0.9899999982118607
0.9899999982118607
0.9899999982118607
0.9899999982118607
0.9899999982118607
0.9899999982118607
0.9899999982118607
0.9899999982118607
0.9899999982118607
0.9899999982118607
0.9899999982118607
0.9899999982118607
0.9899999982118607
0.9899999982118607
0.9899999982118607
0.9899999982118607
0.9899999982118607
0.9899999982118607
0.9899999982118607
0.9899999982118607
0.9899999982118607
0.9909999984502792
0.9909999984502792
0.9909999984502792
0.9909999984502792
0.9919999986886978
0.9919999986886978
0.9919999986886978
0.9919999986886978
0.9919999986886978
0.9919999986886978
0.9919999986886978
0.9919999986886978
0.9919999986886978
0.9919999986886978
0.9919999986886978
0.9919999986886978
0.9919999986886978
0.9929999989271164
0.9929999989271164
0.9929999989271164
0.9929999989271164
0.9929999989271164
0.9929999989271164
0.9929999989271164
0.9929999989271164
0.9929999989271164
0.9939999991655349
0.9939999991655349
0.9939999991655349
0.9949999994039536
0.9949999994039536
0.9949999994039536
0.9959999996423722
0.9959999996423722
0.9969999998807907
0.9989999997615814
0.9989999997615814
0.9989999997615814
0.9989999997615814
0.9989999997615814
0.9989999997615814
0.9989999997615814
0.9989999997615814
0.9989999997615814
0.9989999997615814
0.9989999997615814
0.9989999997615814
0.9989999997615814
0.9989999997615814
0.9989999997615814
0.9989999997615814
0.9989999997615814
0.9989999997615814
0.9989999997615814
0.9989999997615814
0.9989999997615814
0.9989999997615814
0.9989999997615814
0.9989999997615814
0.9989999997615814
0.9989999997615814
0.9989999997615814
0.9989999997615814
0.9989999997615814
0.9989999997615814
0.9989999997615814
0.9989999997615814
0.9989999997615814
0.9989999997615814
0.9989999997615814
0.9989999997615814
0.9989999997615814
0.9989999997615814
0.9989999997615814
0.9989999997615814
0.9989999997615814
0.9989999997615814
0.9989999997615814
0.9989999997615814
0.9989999997615814
0.9989999997615814
0.9989999997615814
0.9989999997615814
0.9989999997615814
0.9989999997615814
1.0
1.0
1.0
1.0
1.0
1.0
1.0
1.0
1.0
1.0
1.0
1.0
1.0
1.0
1.0
1.0
1.0
1.0
1.0
1.0
1.0
1.0
1.0
1.0
1.0
1.0
1.0
1.0
1.0
1.0
1.0
1.0
1.0
1.0
1.0
1.0
1.0
1.0
1.0
1.0
1.0
1.0
1.0
1.0
1.0
1.0
1.0
1.0
0.9989999997615814
0.9989999997615814
0.9989999997615814
0.9989999997615814
0.9989999997615814
0.9989999997615814
0.9989999997615814
0.9989999997615814
0.9989999997615814
0.9989999997615814
0.9989999997615814
0.9989999997615814
0.9989999997615814
0.9989999997615814
0.9989999997615814
0.9989999997615814
0.9989999997615814
0.9989999997615814
0.9989999997615814
0.9989999997615814
0.9989999997615814
0.9989999997615814
0.9989999997615814
0.9989999997615814
0.9989999997615814
0.9989999997615814
0.9989999997615814
0.9989999997615814
0.9989999997615814
0.9989999997615814
0.9989999997615814
0.9989999997615814
0.9989999997615814
0.9989999997615814
0.9989999997615814
0.9989999997615814
0.9989999997615814
0.9989999997615814
0.9989999997615814
0.9989999997615814
0.9989999997615814
0.9989999997615814
0.9989999997615814
0.9989999997615814
0.9989999997615814
0.9989999997615814
0.9989999997615814
0.9989999997615814
0.9989999997615814
0.9989999997615814
0.9989999997615814
0.9989999997615814
0.9989999997615814
0.9989999997615814
0.9989999997615814
0.9989999997615814
0.9989999997615814
0.9989999997615814
0.9989999997615814
0.9989999997615814
0.9989999997615814
0.9989999997615814
0.9989999997615814
0.9989999997615814
0.9989999997615814
0.9989999997615814
0.9989999997615814
0.9989999997615814
0.9989999997615814
0.9989999997615814
0.9989999997615814
0.9989999997615814
0.9989999997615814
0.9989999997615814
0.9989999997615814
0.9989999997615814
0.9989999997615814
0.9989999997615814
0.9989999997615814
0.9989999997615814
0.9989999997615814
0.9989999997615814
0.9989999997615814
0.9989999997615814
0.9989999997615814
0.9989999997615814
0.9989999997615814
0.9989999997615814
0.9989999997615814
0.9989999997615814
0.9989999997615814
0.9989999997615814
0.9989999997615814
0.9989999997615814
0.9989999997615814
0.9989999997615814
0.9989999997615814
0.9989999997615814
0.9989999997615814
0.9989999997615814
1.0
1.0
1.0
1.0
0.9989999997615814
0.9989999997615814
0.9989999997615814
0.9989999997615814
0.9989999997615814
0.9989999997615814
0.9989999997615814
0.9989999997615814
0.9989999997615814
0.9989999997615814
0.9989999997615814
0.9989999997615814
0.9989999997615814
0.9989999997615814
0.9989999997615814
0.9989999997615814
0.9979999995231629
0.9979999995231629
0.9979999995231629
0.9979999995231629
0.9979999995231629
0.9979999995231629
0.9979999995231629
0.9979999995231629
0.9979999995231629
0.9979999995231629
0.9979999995231629
0.9979999995231629
0.9979999995231629
0.9979999995231629
0.9979999995231629
0.9979999995231629
0.9979999995231629
0.9979999995231629
0.9979999995231629
0.9979999995231629
0.9979999995231629
0.9979999995231629
0.9979999995231629
0.9979999995231629
0.9979999995231629
0.9979999995231629
0.9979999995231629
0.9979999995231629
0.9979999995231629
0.9979999995231629
0.9979999995231629
0.9979999995231629
0.9979999995231629
0.9979999995231629
0.9979999995231629
0.9979999995231629
0.9979999995231629
0.9979999995231629
0.9979999995231629
0.9979999995231629
0.9979999995231629
0.9979999995231629
0.9979999995231629
0.9979999995231629
0.9979999995231629
0.9979999995231629
0.9979999995231629
0.9979999995231629
0.9979999995231629
0.9979999995231629
0.9979999995231629
0.9979999995231629
0.9979999995231629
0.9979999995231629
0.9979999995231629
0.9979999995231629
0.9979999995231629
0.9979999995231629
0.9979999995231629
0.9979999995231629
0.9979999995231629
0.9979999995231629
0.9979999995231629
0.9979999995231629
0.9979999995231629
0.9979999995231629
0.9979999995231629
0.9979999995231629
0.9979999995231629
0.9979999995231629
0.9979999995231629
0.9979999995231629
0.9979999995231629
0.9979999995231629
0.9979999995231629
0.9979999995231629
0.9979999995231629
0.9979999995231629
0.9979999995231629
0.9979999995231629
0.9979999995231629
0.9979999995231629
0.9979999995231629
0.9979999995231629
0.9989999997615814
0.9989999997615814
0.9989999997615814
0.9989999997615814
0.9989999997615814
0.9989999997615814
0.9989999997615814
0.9989999997615814
0.9989999997615814
0.9989999997615814
0.9989999997615814
0.9989999997615814
0.9989999997615814
0.9989999997615814
0.9989999997615814
0.9989999997615814
1.0
1.0
1.0
1.0
1.0
1.0
1.0
1.0
1.0
1.0
1.0
1.0
1.0
1.0
1.0
1.0
1.0
1.0
1.0
1.0
1.0
1.0
1.0
1.0
1.0
1.0
1.0
1.0
1.0
1.0
1.0
1.0
1.0
1.0
1.0
1.0
1.0
1.0
1.0
1.0
1.0
1.0
1.0
1.0
1.0
1.0
1.0
1.0
1.0
1.0
1.0
1.0
1.0
1.0
1.0
1.0
1.0
1.0
1.0
1.0
1.0
1.0
1.0
1.0
1.0
1.0
1.0
1.0
1.0
1.0
1.0
1.0
1.0
1.0
1.0
1.0
1.0
1.0
1.0
1.0
1.0
1.0
1.0
1.0
1.0
1.0
1.0
1.0
1.0
1.0
1.0
1.0
1.0
1.0
1.0
1.0
1.0
1.0
1.0
1.0
1.0
1.0
1.0
1.0
1.0
1.0
1.0
1.0
1.0
1.0
1.0
1.0
1.0
1.0
1.0
1.0
1.0
1.0
1.0
1.0
1.0
1.0
1.0
1.0
1.0
1.0
1.0
1.0
1.0
1.0
1.0
1.0
1.0
1.0
1.0
1.0
1.0
1.0
1.0
1.0
1.0
1.0
1.0
1.0
1.0
1.0
1.0
1.0
1.0
1.0
1.0
1.0
1.0
1.0
1.0
1.0
1.0
1.0
1.0
1.0
1.0
1.0
1.0
1.0
1.0
1.0
1.0
1.0
1.0
1.0
1.0
1.0
1.0
1.0
1.0
1.0
1.0
1.0
1.0
1.0
1.0
1.0
1.0
1.0
1.0
1.0
1.0
1.0
1.0
1.0
1.0
1.0
1.0
1.0
1.0
1.0
1.0
1.0
1.0
1.0
1.0
1.0
1.0
1.0
1.0
1.0
1.0
1.0
1.0
1.0
1.0
1.0
1.0
1.0
1.0
1.0
1.0
1.0
1.0
1.0
1.0
1.0
1.0
1.0
1.0
1.0
1.0
1.0
1.0
1.0
1.0
1.0
1.0
1.0
1.0
1.0
1.0
1.0
1.0
1.0
1.0
1.0
1.0
1.0
1.0
1.0
1.0
1.0
1.0
1.0
1.0
1.0
1.0
1.0
1.0
1.0
1.0
1.0
1.0
1.0
1.0
1.0
1.0
1.0
1.0
1.0
1.0
1.0
1.0
1.0
1.0
1.0
1.0
1.0
1.0
1.0
1.0
1.0
1.0
1.0
1.0
1.0
1.0
1.0
1.0
1.0
1.0
1.0
1.0
1.0
1.0
1.0
1.0
1.0
1.0
1.0
1.0
1.0
1.0
1.0
1.0
1.0
1.0
1.0
1.0
1.0
1.0
1.0
1.0
1.0
1.0
1.0
1.0
1.0
1.0
1.0
1.0
1.0
1.0
1.0
1.0
1.0
1.0
1.0
1.0
1.0
1.0
1.0
1.0
1.0
1.0
1.0
1.0
1.0
1.0
1.0
1.0
1.0
1.0
1.0
1.0
1.0
1.0
1.0
1.0
1.0
1.0
1.0
1.0
1.0
1.0
1.0
1.0
1.0
1.0
1.0
1.0
1.0
1.0
1.0
1.0
1.0
1.0
1.0
1.0
1.0
1.0
1.0
1.0
1.0
1.0
0.9989999997615814
0.9989999997615814
0.9989999997615814
0.9989999997615814
0.9989999997615814
0.9989999997615814
0.9989999997615814
0.9989999997615814
0.9989999997615814
0.9989999997615814
0.9989999997615814
0.9989999997615814
0.9989999997615814
0.9989999997615814
0.9989999997615814
0.9989999997615814
0.9989999997615814
0.9989999997615814
0.9989999997615814
0.9989999997615814
0.9989999997615814
0.9989999997615814
0.9989999997615814
0.9989999997615814
0.9989999997615814
0.9989999997615814
0.9989999997615814
0.9989999997615814
0.9989999997615814
0.9989999997615814
0.9989999997615814
0.9989999997615814
0.9989999997615814
0.9989999997615814
0.9989999997615814
0.9989999997615814
0.9989999997615814
0.9989999997615814
0.9989999997615814
0.9989999997615814
0.9989999997615814
0.9989999997615814
0.9989999997615814
0.9989999997615814
0.9989999997615814
0.9989999997615814
0.9989999997615814
0.9989999997615814
0.9989999997615814
0.9989999997615814
0.9989999997615814
0.9989999997615814
0.9989999997615814
0.9989999997615814
0.9989999997615814
0.9989999997615814
0.9989999997615814
0.9989999997615814
0.9989999997615814
0.9989999997615814
0.9989999997615814
0.9989999997615814
0.9989999997615814
0.9989999997615814
0.9989999997615814
0.9989999997615814
0.9989999997615814
0.9989999997615814
0.9989999997615814
0.9989999997615814
0.9989999997615814
0.9989999997615814
0.9989999997615814
0.9989999997615814
0.9989999997615814
0.9989999997615814
0.9989999997615814
0.9989999997615814
0.9989999997615814
0.9989999997615814
0.9989999997615814
0.9989999997615814
0.9989999997615814
0.9989999997615814
0.9989999997615814
0.9989999997615814
0.9989999997615814
0.9989999997615814
0.9989999997615814
0.9989999997615814
0.9989999997615814
0.9989999997615814
0.9989999997615814
0.9989999997615814
0.9989999997615814
0.9989999997615814
0.9989999997615814
0.9989999997615814
0.9989999997615814
0.9989999997615814
1.0
1.0
1.0
1.0
1.0
1.0
1.0
1.0
1.0
1.0
1.0
1.0
1.0
1.0
1.0
1.0
1.0
1.0
1.0
1.0
1.0
1.0
1.0
1.0
1.0
1.0
1.0
1.0
1.0
1.0
1.0
1.0
1.0
1.0
1.0
1.0
1.0
1.0
1.0
1.0
1.0
1.0
1.0
1.0
1.0
1.0
1.0
1.0
1.0
1.0
1.0
1.0
1.0
1.0
1.0
1.0
1.0
1.0
1.0
1.0
1.0
1.0
1.0
1.0
1.0
1.0
1.0
1.0
1.0
1.0
1.0
1.0
1.0
1.0
1.0
1.0
1.0
1.0
1.0
1.0
1.0
1.0
1.0
1.0
1.0
1.0
1.0
1.0
1.0
1.0
1.0
1.0
1.0
1.0
1.0
1.0
1.0
1.0
1.0
1.0
1.0
1.0
1.0
1.0
1.0
1.0
1.0
1.0
1.0
1.0
1.0
1.0
1.0
1.0
1.0
1.0
1.0
1.0
1.0
1.0
1.0
1.0
1.0
1.0
1.0
1.0
1.0
1.0
1.0
1.0
1.0
1.0
1.0
1.0
1.0
1.0
1.0
1.0
1.0
1.0
1.0
1.0
1.0
1.0
1.0
1.0
1.0
1.0
1.0
1.0
1.0
1.0
1.0
1.0
1.0
1.0
1.0
1.0
1.0
1.0
1.0
1.0
1.0
1.0
1.0
1.0
1.0
1.0
1.0
1.0
1.0
1.0
1.0
1.0
1.0
1.0
1.0
1.0
1.0
1.0
1.0
1.0
1.0
1.0
1.0
1.0
1.0
1.0
1.0
1.0
1.0
1.0
1.0
1.0
1.0
1.0
1.0
1.0
1.0
1.0
1.0
1.0
1.0
1.0
1.0
1.0
1.0
1.0
1.0
1.0
1.0
1.0
1.0
1.0
1.0
1.0
1.0
1.0
1.0
1.0
1.0
1.0
1.0
1.0
1.0
1.0
1.0
1.0
1.0
1.0
1.0
1.0
1.0
1.0
1.0
1.0
1.0
1.0
1.0
1.0
1.0
1.0
1.0
1.0
1.0
1.0
1.0
1.0
1.0
1.0
1.0
1.0
1.0
1.0
1.0
1.0
1.0
1.0
1.0
1.0
1.0
1.0
1.0
1.0
1.0
1.0
1.0
1.0
1.0
1.0
1.0
1.0
1.0
1.0
1.0
1.0
1.0
1.0
1.0
1.0
1.0
1.0
1.0
1.0
1.0
1.0
1.0
1.0
1.0
1.0
1.0
1.0
1.0
1.0
1.0
1.0
1.0
1.0
1.0
1.0
1.0
1.0
1.0
1.0
1.0
1.0
1.0
1.0
1.0
1.0
1.0
1.0
1.0
1.0
1.0
1.0
1.0
1.0
1.0
1.0
1.0
1.0
1.0
1.0
1.0
1.0
1.0
1.0
1.0
1.0
1.0
1.0
1.0
1.0
1.0
1.0
1.0
1.0
1.0
1.0
1.0
1.0
1.0
1.0
1.0
1.0
1.0
1.0
1.0
1.0
1.0
1.0
1.0
1.0
1.0
1.0
1.0
1.0
1.0
1.0
1.0
1.0
1.0
1.0
1.0
1.0
1.0
1.0
1.0
1.0
1.0
1.0
1.0
1.0
1.0
1.0
1.0
1.0
1.0
1.0
1.0
1.0
1.0
1.0
1.0
1.0
1.0
1.0
1.0
1.0
1.0
1.0
1.0
1.0
1.0
1.0
1.0
1.0
1.0
1.0
1.0
1.0
1.0
1.0
1.0
1.0
1.0
1.0
1.0
1.0
1.0
1.0
1.0
1.0
1.0
1.0
1.0
1.0
1.0
1.0
1.0
1.0
1.0
1.0
1.0
1.0
1.0
1.0
1.0
1.0
1.0
1.0
1.0
1.0
1.0
1.0
1.0
1.0
1.0
1.0
1.0
1.0
1.0
1.0
1.0
